       trans numbers         tlen       nitem     brute_sec     fp_sec                 rule_num
131.tl  500                     3       1000      78              0.04    (0.005,0.5)   0
                                                 153              0.06    0.003 0.5     15
 
151.tl  800                     5       1000      94               0.2      0.005 0.5   1

531.tl  3000                    3       1000      45                0.05    (0.003,0.5)  0

    
555.tl  5000                    5       5000       32            0.09      (0.004,0.5)  1
                                                   333            0.2       (0.003,0.5) 0

								                   0.00099       0.00099				   
test2.tl 10									                     
